

0.000000
0.000000
0.333333
0.500000
0.600000
0.500000
0.428571
0.375000
0.333333
0.300000
0.363636
0.333333
0.307692
0.357143
0.333333
0.312500
0.352941
0.333333
0.368421
0.350000











other experiment

1.000000
0.500000
0.666667
0.500000
0.400000
0.333333
0.285714
0.375000
0.333333
0.300000
0.272727
0.250000
0.230769
0.285714
0.333333
0.312500
0.352941
0.388889
0.368421
0.350000
0.333333
0.318182
0.304348
0.291667
0.280000
0.307692
0.296296
0.321429
0.344828
0.366667
0.354839
0.375000
0.363636
0.352941
0.342857
0.361111
0.351351
0.368421
0.358974
0.375000
0.390244
0.380952
0.395349
0.386364
0.377778
0.391304
0.382979
0.375000
0.367347
0.360000
0.372549
0.384615
0.377358
0.388889
0.400000
0.410714
0.421053
0.413793
0.423729
0.416667
0.409836
0.403226
0.412698
0.421875
0.430769
0.439394
0.447761
0.441176
0.434783
0.428571
0.422535
0.416667
0.410959
0.418919
0.413333
0.407895
0.402597
0.410256
0.405063
0.400000
0.395062
0.390244
0.397590
0.404762
0.411765
0.418605
0.413793
0.420455
0.415730
0.422222
0.417582
0.423913
0.430108
0.425532
0.421053
0.416667
0.422680
0.418367
0.414141
0.420000