Movie Report
------------

Frame #    Frame Bytes    Total Bytes    Page
-------    -----------    -----------    ---------------
    1           674            674        Scene 1
    2            46            720          2
    3            46            766          3
    4            46            812          4
    5            46            858          5
    6            46            904          6
    7            46            950          7
    8            46            996          8
    9            46           1042          9
   10            46           1088          10
   11            46           1134          11
   12            46           1180          12
   13            46           1226          13
   14            46           1272          14
   15            46           1318          15
   16            46           1364          16
   17            46           1410          17
   18            46           1456          18
   19            46           1502          19
   20            46           1548          20
   21            46           1594          21
   22            46           1640          22
   23            46           1686          23
   24            46           1732          24
   25            46           1778          25
   26            46           1824          26
   27            46           1870          27
   28            46           1916          28
   29            46           1962          29
   30            26           1988          30

Page                       Shape Bytes    Text Bytes
-----------------------    -----------    ----------
Scene 1                         163             0

Symbol                     Shape Bytes    Text Bytes
-----------------------    -----------    ----------
cornline                          0             0
corn                            259             0
stem                             70             0
