NaN
0.012670524619949275
0.013071199158358955
0.012654903214680971
0.026009434129499114
0.032963595178621796
0.031206464789982395
0.02793932493826772
0.027546464208858215
0.02656530068898856
0.028927413664488276
0.02810187226881963
0.027075201158720672
0.02469182134128795
0.023069266884778113
0.02278650975026358
0.022304348658764506
0.03048723591941285
0.030422908359632846
0.029976440664389044
0.03062145898679822
0.030157527470947767
0.029729726364073613
0.03802457725748104
0.04014637092179798
0.09459543738165124
0.0907379970353129
0.0883458869856799
0.08594292160435536
0.08267877696101011
0.08163344175986874
0.07747160787704187
0.07566609257225454
0.07787598925630894
0.07854200168660377
0.0760295256922035
0.07400931630165943
0.07129561910737815
0.07045383507245073
0.06811913209086504
0.06664506201975616
0.06778529807010236
0.6267296510695649
2.6904427895023524
2.651703354027036
2.628916503921225
2.6279653128624814
2.6153167873134655
2.539757259173345
2.459037151470325
2.422760320299827
2.4129988516005403
2.3945256853125643
2.3777646820523315
2.369250058380005
2.295017401523559
2.2605358508559816
2.2158392349607543
2.171698590591118
2.1552307542530795
2.1506739559588977
2.1448140479543683
2.1290850615011983
2.120765585917684
5.736606198785656
7.144839430725285
7.077461611839729
6.982358992104368
6.830085839714552
6.745966521925728
6.551757983282182
6.438955949250956
6.368619847393563
6.328261412678085
6.280785170511028
6.2424626453595895
6.174285694660318
6.1498704295253
5.999386766269216
5.89579778932652
5.789189769429645
5.663959760352846
5.529829138759987
5.48225146878153
5.354385670930741
5.290661987875284
5.2592169268108195
5.166950126170168
5.100987515852153
5.042888557859477
5.018795378810227
4.95230193526774
4.933360611169886
4.921248661840115
4.91861344700081
4.862831113026875
4.829241403728604
4.7715128744521875
4.687804098350729
4.660970484610463
4.620722103017562
4.527574450344092
4.499454516406906
4.448373289657561
4.370010142832971
4.363036591463915
4.335383945264987
4.290854351726096
4.277504900240236
4.254606223006587
4.205912437027312
4.186417356919478
4.157324523525958
4.094498761349537
4.071269389672876
4.001065738848981
3.976081304543258
3.910072186146036
3.8752725747669423
3.8307707985225155
3.8129017384415085
3.811914249230307
3.766968343916784
3.757002099081313
3.7531655601894993
3.7052427297327544
3.6484638972552523
3.593699510732113
3.5470086149938296
3.5084084309542094
3.507753826945914
3.472124391145949
3.4537519758689643
3.447928104501017
3.4117843574538833
3.3760866921170045
3.3653199653188297
3.322845830337571
3.31955428758858
3.3061421911450397
3.276709444649229
3.245323691187925
3.2180641808231334
3.1789960092686917
3.1549095780143097
3.158103509530568
3.125407845521049
3.092098139830635
3.0783896756772178
3.0779480803074772
3.0751554185539023
3.062551732174987
3.0304474686957907
2.9987431264955795
2.9676831631322895
2.9370838958530117
2.9222958826142467
2.896778203230492
2.8886215505386073
2.873136333649231
2.841095233654614
2.8122719383586237
2.7818523815995557
2.7625154222847152
2.7308971301722234
2.7144256381172727
2.6953223992951454
2.6915606479826004
2.6741127147031163
2.6468398309256953
2.630718766219058
2.6028922640976906
2.5869843842690146
2.582623966249789
2.579077124433902
2.5708877418557554
2.5566581201225858
2.5485776381727945
2.532259518817664
2.5196016538395716
2.503681619717513
2.5024609811121965
2.4851294939935937
2.47833319925621
2.4687732229229824
2.443650106897336
2.4205842089414458
2.4060682011593446
2.398317732279617
2.422551459575354
2.4107204139024163
2.3947396805620476
2.3880323856735926
2.386382963831076
2.3803344339879153
2.375255753010658
2.3646475727587513
2.3554057586881605
2.341415624746947
2.338274232127435
2.3321083192876912
2.318472019044666
2.305626337161891
2.300101634383169
2.292678919079913
2.2837916228046535
2.269739818159045
2.2672961958454754
2.2463415136220166
2.242305636386975
2.2275541792629014
2.2135313727562296
2.211586442151334
2.1957975813048747
2.1953261331126797
2.191760977490278
2.176857449887544
2.166645902787472
2.1500346966669115
2.1484348330118643
2.1360118198379143
2.1285314555372956
2.127294157373882
2.115096240582547
2.104137168822929
2.0981894721693806
2.0935241377740783
2.091642432093001
2.089420160800747
2.0779580758342937
2.07422055708295
2.070863421633607
2.063936403309906
2.0512918692830597
2.048023486298082
2.047528693325064
2.0305283653409156
2.016523941113489
2.015748927916946
2.0010185952825674
2.000937140738906
1.98527568477123
1.9822813201940515
1.9736740843509373
1.9713441620215764
1.9636662201762358
1.9576971985700202
1.9425789519925711
1.9342689814764686
1.9191286610554252
1.9167269632175676
1.905634911033805
1.892798033934105
1.8842294164035431
1.8739846316874595
1.8724707351045549
1.8583119407230213
1.8503133376812104
1.847806599219393
1.833867172935765
1.8215859936039205
1.8158135251603904
1.810085605260636
1.8030438277352008
1.7940582599618966
1.789367997176051
1.787003089824274
1.781915314059701
1.7787560940421216
1.778016541356351
1.7722970477219349
1.7710581020581408
1.76481275077928
1.7533619626033992
1.7455020138746935
1.737394661558706
1.7428999386073696
1.7364066623727303
1.7351100309447203
1.726032460761735
1.7164698767970517
1.7135194184709257
1.7019506534297308
1.7015587018379397
1.691124544114935
1.6857779671961783
1.6754552445026065
1.6684729610157003
1.663733695444821
1.6555166828400862
1.6471783946494452
1.6462429540198014
1.6414274576654913
1.633799272188885
1.6245239462939285
1.6171802610969697
1.611517355804629
1.609340717817326
1.598962963989138
1.5974556395003696
1.588701179593548
1.584799358222245
1.581183555728289
1.5719914412875373
1.5630623918138797
1.5617501683583024
1.5588522281954507
1.5517602053627948
1.5502133007975345
1.5498377413482918
1.5447933291612277
1.5363535891169477
1.5360936861368253
1.5270564534304532
1.5190344984195334
1.5179686529197416
1.5134070237706605
1.5066067593707606
1.501814738694472
1.5014000949034925
1.4938393569671564
1.491902152047451
1.4916267283972175
1.483584248100806
1.479096080365216
1.476548765324962
1.4745920313850969
1.473532024922219
1.467252831144347
1.4651212466441754
1.4568324364492016
1.4529706171903807
1.4457939173079808
1.4388593009925719
1.4317694155645255
1.4246441638528409
1.4222871045280872
1.4193006892145288
1.4152377063411885
1.4142105591814116
1.4104686281021672
1.4032528039616932
1.3977496921708374
1.3962959741697558
1.3960537994962818
1.3935143705627606
1.386283415024955
1.3825531278337473
1.378871028803638
1.3719271044733203
1.371897250816255
1.3675015071980448
1.3671290246533563
1.3641650774453218
1.3569376937170627
1.353519236134023
1.3480791295858312
1.3472748739973661
1.3757482671780585
1.3744957039688657
1.3697079556762344
1.3657227208494733
1.3589835786918159
1.3535810249123403
1.3521260533682982
1.345435888870536
1.34478087224672
1.3407100669670307
1.3356331492242237
1.329786349813386
1.3256361882970507
1.3267466954664364
1.3253492656740675
1.3244703619898197
1.3195037272267756
1.3167284018341783
1.31590215120961
1.3099440194924092
1.310591605862454
1.305492323830338
1.3051431090725698
1.2984912023257003
1.296081472000774
1.292211846241959
1.285894073001441
1.2848059124783875
1.2796963966735455
1.2956828947208923
1.361555210034173
1.3562694089403613
1.3536330741339762
1.3511298764155073
1.346710456495519
1.3430842680081523
1.3397048027688543
1.3356836264259784
1.3322210907472536
1.3276108356118983
1.325650935495244
1.3197417145734736
1.3172819100549489
1.3112504193961831
1.3108022762433609
1.3083285017472706
1.3054652318096363
1.299739619253463
1.2949996537110544
1.2919670680294653
1.2907706347867693
1.2856275244629805
1.2844018353188043
1.283113260674552
1.294612847375147
1.2903857302583395
1.2863283759996558
1.2855194134829258
1.2851194852071717
1.2836331356600477
1.281920962929273
1.2809955172404908
1.278036445277138
1.2773171957559553
1.2756268606653751
1.2746809238426984
1.2702462292020935
1.2679782502397987
1.265779910588229
1.2634337169534244
1.2630618101029922
1.2578291895889742
1.2561820849077496
1.255331947994456
1.249806574259867
1.2442792254364632
1.2403602641363747
1.2392182838065608
1.2379397554156224
1.2511567519835776
1.250353670915031
1.2786942173716827
1.2781804481881016
1.2778834160311294
1.2748302067711954
1.2734390613715287
1.2709995116012176
1.2688911893733616
1.2642974197881087
1.2597266082339365
1.2591966859440304
1.2549464249707805
1.2546398200026045
1.2500070713521878
1.244697555918781
1.2421910033880124
1.24170674876944
1.2393862199317027
1.2474275037776055
1.2449885203857018
1.2430322558386888
1.2398911199910883
1.2390713662240758
1.233876093081524
1.2338714202867098
1.2293901157914426
1.2293021370841817
1.2278786332780034
1.2253955902145504
1.2208744206087032
1.2208571944414826
1.2189340605990244
1.2173406603268462
1.2127823145632237
1.2099759876562624
1.2084246116031363
1.2062083983437393
1.2046421362746356
1.2031410079573035
1.2023544750079338
1.2006860568351834
1.197375060035235
1.1973163260256094
1.193699650073248
1.190135079002015
1.1864332624581744
1.1855412262829614
1.183653276356082
1.1820328933163118
1.1797536316109625
1.1782594703412879
1.1772161047931369
1.1727245052904667
1.1711428669176873
1.167694176748817
1.1665403020387575
1.1624815201030403
1.1622819045749713
1.16082419172982
1.1595099871859176
1.155247398681342
1.1524795711184113
1.1487255202307398
1.1473985030169624
1.1472932748496225
1.1460059809039689
1.1428541270026173
1.1404937133043658
1.1386035888262935
1.137252851497552
1.134844743328564
1.1312512504990688
1.1303669032584067
1.1264143444371906
1.1241282494309084
1.1228761364259974
1.1220288361253767
1.1182595816953447
1.116154338456522
1.1160243064517292
1.1125092123436509
1.1094237405229386
1.1057508379806287
1.1035219711267585
1.1018759342155295
1.0995882056938218
1.0978418351139039
1.0946785308738134
1.092883556622792
1.0912615519185713
1.0883949618333328
1.0871085728774976
1.0837301396929433
1.0817224596743498
1.0792485507653702
1.07578427481096
1.0724821442859716
1.0690588896907176
1.0688848130075455
1.0680804863064342
1.0679149817194995
1.0666218989511618
1.0653973230983713
1.0641700397425724
1.06120678688615
1.0584282273624595
1.056960509012252
1.054015789692653
1.0507493962616816
1.049607825436991
1.0488705460129555
1.0488333854794067
1.0465033412730587
1.0450826960424715
1.0419323441106048
1.0417576736117204
1.0412882980773692
1.0408487296954139
1.0406473595586845
1.0405236569495044
1.0394445914424257
1.0374253574862582
1.0367209340299819
1.0358453117033688
1.035548462946201
1.032932380489746
1.0318890256149245
1.0312737525459728
1.0313479363752933
1.0307701302026089
1.0290303000523375
1.0274177409890042
1.0270250793811946
1.0269182916425592
1.0233987604306323
1.022321867656586
1.0191150843545456
1.0186015004121938
1.0170532223976165
1.0160648245544202
1.013120952652713
1.0129916342456964
1.011992949783016
1.011474267402196
1.0083614270576933
1.0076535480960305
1.0043277584283603
1.003645296688116
1.0028793641393199
1.0028704175240852
1.002525961063514
1.0022970910556455
1.0003860370780164
0.9973153239081396
0.9965561971854338
0.9941105872566769
0.9919377333155243
0.991382002001701
0.9906447298158754
0.9892679906000784
0.9872839996847468
0.9863330565431805
0.9841119980119208
0.9823378861087225
1.0271954125955058
1.1367854049786457
1.1336338632213554
1.1309562275070093
1.1279587642174502
1.1247391509719589
1.1213575914157417
1.1185526596065363
1.1171654065777867
1.11500572271098
1.1148355126908465
1.113562006303293
1.1124922951488114
1.1117832052227812
1.1101181610350377
1.108144904627216
1.1079743742051071
1.1052595904460716
1.1035431410902883
1.1016082712575483
1.0991552037947652
1.0966546026248083
1.0941189824178668
1.0927551910123845
1.0924147296595923
1.0910705054521483
1.0888616333639534
1.0877865745472806
1.0873993211919213
1.0872428333234911
1.0853758598968877
1.084611049269138
1.1148910391341953
1.1120187657748448
1.1110766453127296
1.1087613518947481
1.1075905788858564
1.1046125037017247
1.1024354969671122
1.1015568431742175
1.100645169629598
1.0995511041599693
1.099363155508828
1.0973880255105053
1.0965437995552565
1.0937522733654523
1.0916468421285874
1.088584682488021
1.088052208689673
1.086478428414269
1.085074316127486
1.0822198149414188
1.0816504798019395
1.0805239986456179
1.0780736111125473
1.0768464719361026
1.0758532941246746
1.0757125554416733
1.0752787945100455
1.0746920919392018
1.0728077521313222
1.0726800291168483
1.070632218151142
1.0702707706063326
1.067720501432493
1.067260694757941
1.066921822448826
1.0646810417215264
1.0636862921785377
1.0607072115238065
1.0593289541737256
1.0585403518542371
1.056762168704807
1.0562032737113523
1.0557369098566758
1.053159964370591
1.0519283953996201
1.049965477325622
1.050015646292787
1.0486496595287873
1.0477390757491891
1.0463914643780927
1.0449114149330276
1.0421427042645428
1.0403129087792347
1.0400733651277283
1.0376214662449366
1.0396196073966766
1.0376932224335238
1.0362703288846968
1.0338202580328064
1.031499178848885
1.0302352883599912
1.0297605259227907
1.0293166082814693
1.0284658923818633
1.0273027743942063
1.0265688943991398
1.0277978494416649
1.0276729277007282
1.0263500791563733
1.0240993192605465
1.0237028653826088
1.023140820108654
1.0224740795420542
1.0207554881551668
1.0196635019383418
1.0195574156396519
1.016816409613727
1.0160521126566961
1.0158705302472644
1.0152663824954589
1.0135505717600042
1.011395145447573
1.0093351411629718
1.0081909173721244
1.0068764615326762
1.005065516881641
1.0036935991225204
1.0028200455575451
1.0021055714475924
1.000434962323
0.9982528379220531
0.9980193222381479
0.9971981824517324
0.9950857991470456
0.9944560395536033
0.9924188459085536
0.990597720829888
0.9899589141496917
1.027755636764735
1.0267921458480238
1.0263652949013007
1.0252874596595485
1.02496221219314
1.0238538149959935
1.022206007325712
1.0208550239490333
1.0198003370448774
1.0179806395221858
1.016158850958815
1.014074047501002
1.0128573972951842
1.0125247249811047
1.010958322563608
1.0101276635074274
1.0100547037401524
1.0081644200724533
1.0078645546451688
1.0075655299554365
1.0064128412828084
1.0078010654956124
1.006154203358828
1.005794994580529
1.0052393117740819
1.0036712926185603
1.0022075309549983
1.0150480275403564
1.033582107050286
1.0321994052705463
1.0298681570333885
1.0297063376670692
1.0281614318213514
1.0263299099368477
1.0239193166725313
1.0221725417192475
1.0208311476589869
1.0197070283018674
1.0191923651929506
1.0268584392542917
1.0267806813094655
1.0256542875217614
1.025476995960591
1.0246532879827546
1.0226943903866377
1.0218655442358955
1.0208089509817184
1.0202840640751454
1.0177504572739586
1.0177466273849523
1.0169730953394416
1.01467783567168
1.0134731184555221
1.0126254637882959
1.0117492378979935
1.009390859138401
1.0093054965532848
1.0081209055970612
1.00799857205384
1.0078895318349492
1.006522653693181
1.0065035284517723
1.005782306147251
1.0050409232022257
1.0036129151173887
1.003209186012134
1.0016863796587605
0.9992898790832386
0.9978481195182668
0.9972744466867051
0.9950192449368088
0.9935425487483184
0.9928681142988254
0.99252492527179
0.9910728757620451
0.9899661794254042
0.9892501063370226
0.9872745655122765
0.9868673749311263
0.985550863501345
0.9843471257344109
0.9825655965159875
0.9806704583145208
0.9800542124039581
1.0246405072697944
1.0231006635082807
1.0285085886437009
1.0276612295615946
1.0271299342747826
1.0252867149817857
1.0231641836834775
1.0224533440428478
1.020422458350363
1.0197261581104176
1.0182756485703597
1.0164200273045305
1.0157290773909475
1.015592690753373
1.0143968239922905
1.0196883341149914
1.0181461674230634
1.0176437258859055
1.0162206613852596
1.0150287563344644
1.0134897949394308
1.013289253345746
1.011048908931627
1.0108115359128054
1.0099028090093298
1.008617729665508
1.0073366908260282
1.0062151759540197
1.006118187447467
1.004643108191953
1.0035524485241565
1.0030495480394757
1.0027166077919372
1.0007935716173317
1.0005686187837772
0.9984110244839038
0.9971873979860542
0.9970438072090159
0.9959600638720225
0.995638225375186
0.994303249811479
0.9921198397280426
0.9904993040684671
0.9888697042963188
0.988605011704725
0.9880037701350463
0.9857692110241731
0.9837052377234867
0.9822053990738929
0.981159726045883
0.9800796844538139
0.9778003891570927
0.9772252071559582
0.9754429761877899
0.975018515450598
0.9735971935245658
0.9732163972293126
0.9732037670690729
0.9726166585517799
0.9722412896886921
0.9711171630499487
0.9706116712214646
0.9695132821889023
0.9694078801511163
0.9674759305123427
0.9671038402728342
0.9755475180145812
0.9748000413258088
0.9732764423337706
0.9725502186598706
0.9724160892882449
0.9706758847622303
0.9685059507107997
0.9685028076357987
0.9676375187263562
0.9659454135775989
0.9641677868221497
0.9641598025417848
0.9640409426613793
0.9628838566101773
0.9615664647214742
0.9605309754267278
0.9595104264874343
0.9581952586286991
0.9565718569474806
0.9557643640899735
0.9556963148641606
0.9548219280542408
0.9528634015760336
0.9528075525346547
0.9518810703764775
0.9515054569275313
0.9503873162563825
0.9487420683323887
0.9474573896795551
0.9459452171255186
0.9454146557924955
0.9443984954926988
0.944204611808034
0.943782141431618
0.9421596239724185
0.9409049787765116
0.9392352694340793
0.9376441171778472
0.9368689367599818
0.935680222074858
0.9344496984175544
0.9327957777865054
0.9325755343525544
0.9321757413192912
0.9312141222604448
0.9296002092032898
0.9283274960302089
0.9276662811991562
0.9268578960192447
0.9263995133944234
0.924914431493113
0.9234556196318424
0.9344433997365259
0.9339038735371802
0.9413658342877375
0.9406060588119111
0.9403369661703755
0.9389483511151335
0.9385734995828513
0.9370667238215512
0.9362271814108838
0.935437820789189
0.9339107362087383
0.9329568722035171
0.9315882738520959
0.9303205510807873
0.9290979885458542
0.928313718698411
0.9268467245822548
0.9252621863685703
0.9241519013219478
0.9222441433342891
0.9209459425863479
0.9197067503926728
0.9184810865347462
0.9174029199888903
0.9170118122680984
0.9167874951013723
0.916497992194387
0.9155331799237408
0.9136992069031898
0.9127104148454257
0.9119974669433012
0.9104946946261984
0.909918128406909
0.9097872985740622
0.9081689273415866
0.9080827408119866
0.9077082243077915
0.9071834214033158
0.906235312962927
0.9050926812439104
0.9042345937150524
0.9032007229155001
0.90311757929768
0.9021730601037835
0.9011788855349198
0.9002870835964011
0.8986800947772573
0.8975660404367884
0.8972841265868122
0.8964721949372003
0.8964664424097699
0.8962983155819283
0.8955269446474637
0.89488937294263
0.8939232269432769
0.8928735702048596
0.8917937693894359
0.8914717695494337
0.8901021687948172
0.8883538252393599
0.8867556652425166
0.8854086811222378
0.885362210332001
0.8840321904921817
0.8830254774017038
0.8826329342258785
0.8825317703945896
0.8814649911309427
0.8807502664670998
0.8800657742569771
0.8792002065721832
0.877689395895559
0.8769371844018387
0.8756292035589669
0.8739181892997292
0.8727627190982745
0.8713901253294908
0.8701835718152882
0.8698100839088635
0.8690296456644502
0.8684046045405877
0.8680224070442482
0.866742219422025
0.8658933535469081
0.8656341347910532
0.8643126375861552
0.8640681056782913
0.8631879913472703
0.8630326275950158
0.8621299534712873
0.8612000628874766
0.8609939882635999
0.8605871526807299
0.8605448054622291
0.858990647552905
0.8575653272036181
0.8560537773325068
0.8545736004690411
0.8542302335614573
0.8536398868269692
0.8523443778609583
0.8516802727210228
0.8522867115543812
0.8514123224277034
0.8510813847733663
0.8505193402560279
0.850141084691069
0.8485186389569357
0.8482766638261688
0.8474216557017896
0.8474845420309001
0.8467491001619817
0.8464423484380904
0.8454496834372794
0.8438778152015942
0.8428528796066475
0.8426745349502408
0.8412427749104489
0.8407556505420676
0.8394437949046173
0.8390134006314793
0.837755617097309
0.8363648655359941
0.8358491760809615
0.8358174067173122
0.8363210748330004
0.8356662295700813
0.8356625298036073
0.8354552130425364
0.8342202180824834
0.8339304687393265
0.8324501686545959
0.8322730556756284
0.8324462399030733
0.8323408262531496
0.8317907108736504
0.8302730278028547
0.8296436501318232
0.8286405538782128
0.8276126370828668
0.8271526657855219
0.8266147103257959
0.8251222769388956
0.82486909979504
0.8235450811538525
0.8222687516382037
0.8303965235287821
0.8303562312673649
0.829237850498195
0.8277860083424905
0.8280143530845755
0.8273607723941576
0.8273057412627833
0.8266605997913475
0.8254344519980369
0.8241818739218446
0.8235112479921705
0.823168426315124
0.822571807244143
0.8214211565292141
0.8206975882300637
0.8192969711135988
0.8188066558655155
0.8176719725138208
0.8172419652554327
0.816618980967116
0.8160701627051339
0.8158422686312863
0.814651646763361
0.8144513189960993
0.8137354205166794
0.8131334935591528
0.8123039747985025
0.8117483019819003
0.8111046577582732
0.8097992132309602
0.809594134459632
0.8087995586260041
0.8083849971807424
0.8071362671215875
0.8085810575330112
0.8356240314623982
0.8345971436636611
0.8344466240539036
0.8331139362420897
0.8327639715817756
0.8313429263194065
0.8307556582244894
0.8299590844909873
0.8295520150959117
0.8282041618796046
0.82737642153145
0.8269286261940908
0.8265340037309078
0.8257406327741077
0.8248538150632639
0.82362280400675
0.8228793502179703
0.822999778603422
0.8218140167316922
0.8211899163682025
0.8201084792964707
0.8187340231054654
0.8185208375561568
0.8182522874741646
0.8178886166876131
0.8169809348520954
0.8165509044232455
0.8171201935262273
0.8165988736684423
0.8158092091446276
0.814924738297921
0.8137861940703387
0.8130133235420648
0.8128634397704043
0.8121267402548852
0.8114162162323345
0.8105449698702082
0.8094457915764472
0.808962827260745
0.8085163193365471
0.807705650745669
0.8064344664823689
0.805821943086475
0.8053838997467887
0.8045142829812619
0.8043134219426847
0.804236161692453
0.8040008777289369
0.8031736373743199
0.801951901428623
0.8015015590983133
0.8003796847913447
0.799962264472746
0.7991560163168825
0.7978276975645713
0.7968114369862141
0.7965016243175549
0.7953322128349076
0.794558924174923
0.7934352256749141
0.792245162577011
0.7911421590793309
0.7907812844459507
0.7901150463976967
0.7890506462768105
0.7887150754991102
0.7881065308448355
0.7879752780952584
0.7874564270210973
0.7873350897192029
0.7865828546918622
0.7862754624252289
0.7853748997940544
0.7851503523176646
0.786579969131755
0.7861578970816262
0.7854855137755666
0.7850271661644999
0.7847076484290979
0.7839128534311616
0.7838362986559443
0.7828158800004787
0.7849498541799794
0.7845175025326679
0.7838938632638268
0.7827812314358421
0.782662565646455
0.7815965898407077
0.7815121298406468
0.7809635224315068
0.7807207285432161
0.7800896865951421
0.7792387965845409
0.7780246299477469
0.7776692590920394
0.7775976338608156
0.7764447244735206
0.7761292689979187
0.7753305789609771
0.7749043813275934
0.7737236047061626
0.7724767484904788
0.7723056996204373
0.7712573624115606
0.7702536839635494
0.7701581836614472
0.7689759874378592
0.7682030235787388
0.7677928526280545
0.767457197579549
0.7668707871496809
0.7667122930827563
0.7663188361543927
0.7651230176854916
0.7639707142338216
0.7637946290520645
0.7630548896797293
0.7629909612748118
0.7623290842812733
0.7617625255776521
0.7671249552808556
0.7659780074963787
0.7650337192049546
0.7640527652890381
0.7629319088024338
0.7623727545007473
0.7617612686265127
0.7610251322536389
0.7606244177312195
0.7601314556131892
0.7617213721523544
0.7609872733604872
0.7609061033791743
0.7601795016046391
0.7592731462333342
0.7581115546181052
0.7576691926019534
0.7567605680323896
0.7566348749851397
0.7556119835659207
0.7550345118694529
0.7550158730159335
0.7540320392241583
0.7538902626281614
0.7534310827296087
0.7525741082785807
0.7522244891820363
0.7510730547860677
0.7507008116120069
0.7503669365802694
0.7499313053708653
0.7493885929517797
0.7483466184624867
0.7482142134894997
0.7478638421454049
0.7474326376803878
0.7468914445506273
0.7460629887412478
0.7459999772978471
0.7450793959330477
0.7442380389638835
0.743369370401599
0.7430455290245228
0.7423763791093955
0.7415945524394776
0.7415268860951797
0.7412531269360711
0.7404541435611102
0.7399094719455833
0.7395443746643455
0.7391497168552216
0.7394840303896384
0.7388883791064529
0.7378299024058731
0.736907258166262
0.7368940140518246
0.737968066693985
0.7370723802264304
0.7367558781717984
0.7366912525394474
0.7357903913803059
0.7351241953603759
0.7350422951352854
0.7345762618563593
0.7340079454164105
0.7329426121792342
0.7326077686890365
0.7320064198571132
0.731078313189375
0.7303207530690156
0.7292548776125032
0.7285140383323044
0.7276622398948341
0.7274618093615449
0.7273665105775108
0.7267471181819607
0.7260787521344417
0.7257500813251785
0.7254278868269224
0.7253667354287973
0.7244713683771566
0.7239993308745989
0.7247585494230994
0.7243036034013343
0.7235208130368073
0.7225349791754374
0.7215219446402559
0.7206144469653567
0.7201810420908407
0.7196039284526675
0.7193776936012893
0.7193762545384382
0.7192809289885344
0.7186837128487448
0.7182120860821235
0.7173609122065816
0.716732586422871
0.7165546951195038
0.7161951277491221
0.7154695968759045
0.7153479305526398
0.7144592695996939
0.7137905598398306
0.713031472848374
0.7127306776238403
0.7120668516423699
0.711421638352618
0.7108764410851949
0.7105775836525237
0.7104730329278264
0.7101363688797376
0.7099141579150693
0.7089281687943026
0.7089142084804048
0.7157695778117628
0.7150804352938042
0.7142598322107252
0.7142286569043114
0.7135995189753078
0.7132637128182487
0.7128516919126342
0.7125646347116908
0.7116432256895596
0.7119079905043084
0.7112228496462416
0.710799703914317
0.7106174486908388
0.7574812287988518
0.8992949670359183
0.8982081500228898
0.8973456036302389
0.8965723442132344
0.8960513294119731
0.8960413227155621
0.8954236488854221
0.8951651419430874
0.894692604947686
0.8934220039170546
0.8926643152647301
0.8920208250637958
0.8908722005156037
0.8904616480833633
0.8893453634789114
0.8892804759452773
0.8883783754024691
0.8878746090320025
0.8867789596546157
0.8862223382603029
0.8857746258942238
0.8854197893259631
0.8903121078717605
0.8891711908879518
0.8997709266117767
0.8996243272407549
0.8984948178317022
0.8973832116343651
0.8965550012896063
0.8961717410835455
0.8957512355724118
0.8945654320436857
0.8937007154352956
0.8930391160715615
0.8920348351384931
0.8916609601430585
0.891526937261056
0.8913338989802269
0.8906561809355974
0.8895596591201393
0.8890131865961616
0.8882666845606871
0.8874951352301086
0.8866566188038596
0.8861278441565792
0.8853532769042993
0.8851187085878507
0.8843683873904781
0.884214429033744
0.8833926282425071
0.883169936787063
0.8821937704323338
0.8819255972249014
0.881200449601245
0.8805858297936197
0.8801181958956074
0.8793904240308204
0.878457877258767
0.8775612807803289
0.8767759509191597
0.8760083441230297
0.8757292702568467
0.8755270791411663
0.8748543872268553
0.8743658914716924
0.874326932330571
0.873574470111612
0.872750180887435
0.8718743809629895
0.8708705179307629
0.8701333043193633
0.8696830350652133
0.8684936292426009
0.8674763280623208
0.866611074546659
0.865559099255351
0.8645161224020633
0.8635858190354464
0.8633430287021876
0.8631778025635738
0.8623768344989685
0.86147957426186
0.8606470613868854
0.8606094852494812
0.8596125533739045
0.8591517362714876
0.8591034521304035
0.8581653456305159
0.8570794734313776
0.8561600562016151
0.8558440315545771
0.8553306431017756
0.8545511129795589
0.8537468478695108
0.8536849935276761
0.8532348478239242
0.8528538098690583
0.8526396546458312
0.8523403947897039
0.8517186650496117
0.8516770691338356
0.850960867586437
0.8506576952193879
0.8503377228931595
0.8494963786921882
0.8493228066761369
0.8491558202381964
0.8485633329521554
0.8474777466663304
0.846722391260592
0.8461041272648641
0.8451872248594727
0.844226439910193
0.8648275076761243
0.8728988100083945
0.91812784621435
0.9174536215248674
0.9167416504630482
0.9164514485350127
0.9154370277284802
0.9150412433792398
0.9145547001410457
0.9140608509742801
0.9138237596425663
0.9137420452999252
0.9134217983005851
0.912474414418589
0.9118587697292764
0.9111815932026532
0.9112277735968152
0.911187163718445
0.9100208584743716
0.909796536448489
0.9090607614731959
0.9085629543799808
0.9084028045498527
0.9080574881964367
0.9079725255676601
0.9069863578289257
0.9064700780780106
0.9058928613718835
0.9053709775443942
0.905242351406681
0.9043377260700771
0.9034762000154832
0.9032408566524707
0.902635824147642
0.9020545459561291
0.901498068575067
0.9014107409326516
0.9012931838211521
0.9008573061345004
0.9004897447621756
0.8994367093502759
0.8992904862304277
0.8985071947362455
0.8975287357393609
0.8974073203051797
0.8971099156696805
0.8970511055607273
0.8963470676185428
0.8952525863866404
0.8950613032319373
0.8943185615799454
0.8934463805073326
0.8931625768115476
0.8923773845840571
0.8916257274389406
0.8911531672377097
0.8911059020445316
0.8904294995735796
0.8896483687999227
0.8894383258326676
0.8884744382195148
0.8877501392256723
0.8876747961384492
0.887436773809755
0.8873641239656673
0.8867419915633766
0.8866114818050598
0.8865662258844509
0.886229115620696
0.8860901354360012
0.8852290842009229
0.885129767915822
0.8847463341740343
0.8843637811273956
0.8843278190165065
0.8839583721841356
0.8835304038874155
0.8833427697454375
0.8829130663602194
0.8821765651954235
0.8816681391941912
0.8807458050808042
0.880319637997888
0.8796221770426901
0.8790529695645917
0.8788378474252797
0.8777951743882721
0.8772661825533205
0.8770505848803919
0.8764603399570952
0.8780187588842857
0.8770884461134265
0.87666041479361
0.8763959913081594
0.8758212469037844
0.8757640315605665
0.8749002588744327
0.8748614716337293
0.8746925344452257
0.8740423380142217
0.8753402443784309
0.8753155416403515
0.8746041353753878
0.874013169315914
0.8730990281414224
0.8726667665258027
0.8724010859325945
0.8716839726747125
0.8713415106300586
0.8711812884790286
0.8707844812334722
0.8704134517026113
0.869595662413082
0.8687211661461115
0.8680339554377684
0.867715403818353
0.8676666434567597
0.8670478642209251
0.8666076959663395
0.866079301885541
0.8652995137086319
0.8652350873510332
0.8649494943679692
0.8645381011156975
0.8644067800304619
0.8636208733126051
0.8630528974827032
0.8629609582756936
0.8624368316135952
0.8617410313274362
0.8607828883675851
0.8601665945116578
0.8594254537608594
0.8594048763810945
0.8584886267418856
0.8586556169057955
0.8585920458618006
0.8583581394955132
0.8576154095784877
0.8570890102498278
0.8564333445891812
0.8559170493080428
0.8575753250367589
0.8572241394207991
0.8563246990834953
0.8553761325255866
0.8546461910265332
0.8536162797638515
0.8535595197672033
0.8534845663170301
0.8531456668459579
0.8524981683845271
0.8521307504643937
0.851221436690936
0.8508870814610395
0.8503375771398273
0.8501596727080896
0.8493069741159095
0.8492721190264398
0.8489177250868009
0.8485833049752053
0.8484091772412771
0.8482344673190824
0.8479136875221311
0.8471061868617002
0.8465691345050789
0.84578494421288
0.8453798245206833
0.8450996853043863
0.844471865219429
0.8434894540349385
0.8429430632963855
0.8421819924915895
0.8420042537731581
0.8411791284893924
0.8401914042873571
0.839202267374178
0.8389419085138183
0.8383536636216097
0.8381618039312924
0.838047436581887
0.8377524870933266
0.8368527710941217
0.8364226029139498
0.8360410590346049
0.8355935491702398
0.8350307543255503
0.8354487038517721
0.8345940336010257
0.8341515084244312
0.8332455175548448
0.8329237459250998
0.8319578110903428
0.8318947634217833
0.8314254877418106
0.8307111693889587
0.830071532407357
0.829726765702568
0.8290661891197026
0.828682517939088
0.8283112698014037
0.8281732971140527
0.8277968759899409
0.8276552195274947
0.8271507641899668
0.8281360767191712
0.8288984198915516
0.8428477635741582
0.8425748345600508
0.8422076488434457
0.8418186138232682
0.8409921713297323
0.840555954553689
0.840122954711558
0.8400088907416643
0.8397567710131527
0.8391998005080107
0.838832842078808
0.8387587607213532
0.8380228685500172
0.8375771868904375
0.8371532282135797
0.8369403392377249
0.8366433054869031
0.836294673984019
0.8354924471767494
0.8362796982106598
0.835929279774534
0.8354378866292922
0.835006051278386
0.8344055160617846
0.8335847323654706
0.8331950321653969
0.832784214720292
0.832528846124335
0.8317886330070116
0.831126568126693
0.8302080972967221
0.9160745367246134
0.9151869565203438
0.9144966974072618
0.9139904425363886
0.913031603289094
0.9125492364325043
0.9121132324568345
0.9114961131851683
0.910552825369832
0.9097128930153778
0.9096464138584596
0.909293234866327
0.9086254364787067
0.9082889885924447
0.9081458233385896
0.9072700519432483
0.9070134835552379
0.9060023665809005
0.9054526178349773
0.9049417772100313
0.906385622442637
0.9056808974927668
0.9056113318017394
0.905063732824587
0.9045139632996854
0.9043365241394168
0.9040567899470178
0.9032717293090864
0.9029086923368324
0.9027334626033607
0.9020401132656117
0.9013523710752026
0.9006084712523168
0.9001125396208179
0.9005137787051346
0.9004880712753018
0.9000657587476991
0.8996087593136071
0.8995781348476652
0.8987805177803738
0.8984970666881863
0.8976477014888816
0.8967574980624867
0.8964830234397262
0.8962344950751789
0.8959976003473075
0.895925243761541
0.8951030152598544
0.8943652949572188
0.8936759229264343
0.8935980679837526
0.8927919925664936
0.8922512959321446
0.892048918025321
0.8912358521352444
0.8905460017431092
0.8897863974668406
0.889587381655181
0.8892615886480091
0.8889644133326469
0.8884029771908875
0.8883575577768571
0.888346636932764
0.8883376171567163
0.8875905473978192
0.8871634653256711
0.8863079942688181
0.8855377994575843
0.884773878668488
0.884075657545083
0.8836583250120734
0.8830316158974396
0.8823529079077865
0.8817914393527789
0.881712775092597
0.8816977007775776
0.8816955269253286
0.8834580942763944
0.8825861539260399
0.882291665042857
0.8817582595214851
0.8812438211927672
0.8806871631758018
0.880036838334218
0.8793776789481583
0.879163790337275
0.8787577712382193
0.8779734426627956
0.8806197731395417
0.8834282870874922
0.8833234828755396
0.8830405547424431
0.8828982136568121
0.8821524959207394
0.8817657879980076
0.8812611673282975
0.880841700595212
0.8802484327325828
0.8800628656780254
0.8795447557532877
0.8789793074714001
0.8782600935966431
0.8778011591667476
0.8771372922893345
0.8770789579623944
0.8767990186757412
0.8772705065189472
0.8764755370529305
0.8758290690120538
0.8753042189446101
0.8745239503582446
0.8742524847895843
0.8741955670366167
0.8737244305386619
0.8728606600992228
0.872171448921245
0.8719312754601081
0.8720586910935815
0.8719677051282574
0.8712568072267223
0.8711029134852633
0.8708314083711806
0.8708174385178702
0.870751868421214
0.8703345794244097
0.8695402362884972
0.8689300958845018
0.8680220785632415
0.8676082212166857
0.8673644688944967
0.86732826300411
0.8668089097796755
0.866271215119158
0.8657717439704661
0.8652921648014216
0.8649028745341866
0.8641452574381442
0.8633923147462045
0.863249082856453
0.8623927084676647
0.8620632950597623
0.8618703122566841
0.8611117614876026
0.860313705572861
0.861949132729608
0.8612811448603983
0.8606071531165828
0.8603349368967103
0.8595351291179513
0.8591831649483261
0.85853895629344
0.8584748279530716
0.8584324920513678
0.8583587874579865
0.8581830197348913
0.8576886118410151
0.8569337286570048
0.856560718489005
0.8563480526518519
0.8561258482418538
0.8555626138276539
0.8548617439108708
0.855574906854627
0.8547871313688119
0.8546520964333737
0.8545973916394123
0.8540664746358386
0.8535795988188546
0.8527571510617703
0.8521807960906177
0.8520975412755838
0.851535199534752
0.8510465342334828
0.8509437237668775
0.8500732536041082
0.8497965982899088
0.848972531185327
0.8488141751213947
0.8485227159790477
0.8484638742480439
0.8477487642087883
0.8478056289390652
0.8484997407098158
0.8479928785541132
0.8491362126117091
0.8491114011839977
0.848722153832564
0.8484827615046396
0.8476627737072139
0.8468610376119302
0.846395719802197
0.8461585278837773
0.845617492376659
0.8449551497080968
0.844732049419845
0.8444592397036285
0.8437436413261283
0.8430286983531595
0.8424280778769361
0.8422461555706127
0.8421565109296467
0.841372449394319
0.8413243582152239
0.8404790417751159
0.8400748147059758
0.8396405674688945
0.8392002640840044
0.8387523891486263
0.8383505732485883
0.8588236810583393
0.8628854401124648
0.8620617722984619
0.8612917618405403
0.8607062247726627
0.8602548113577154
0.8595568842897785
0.8591612385301315
0.8591285902018705
0.8583238788789893
0.8577535393782938
0.8577268764204914
0.8574082745866114
0.85688601327244
0.8561038760150423
0.8554384847895955
0.8553229277056363
0.8549178464220086
0.8542381789601908
0.8541014816091559
0.8540413583663944
0.853346510437593
0.8527174058201646
0.852479065977713
0.8517962182934504
0.8515188344405091
0.851015514562316
0.8506503386594277
0.8500061524587839
0.8542907481938218
0.8538682687243834
0.8531585142589269
0.8528768597896377
0.8528693481790663
0.8521531293113572
0.851535563592185
0.8513548455054984
0.8511367892568219
0.8507346606782418
0.8501460682478226
0.849606886792228
0.8489482854514743
0.8489747229223396
0.84836207683883
0.8475973526834403
0.8468046347186511
0.8464649542234213
0.8462831287484273
0.8460235321738441
0.8455167973800071
0.8454433966130405
0.8448154460223192
0.8440814064776079
0.8439266674526023
0.8434759787660155
0.8426846753226328
0.8425244018813377
0.8420601077868547
0.8418082643062187
0.8413636147142595
0.8413280283323068
0.8412427387964878
0.8412240713171736
0.8405752493364763
0.840412475150553
0.8400442577989732
0.8396710100081852
0.8390677952506237
0.8389016635294259
0.8385175542533956
0.8379010388039255
0.8372722894559413
0.8365494927350302
0.836388207832895
0.8358114533446377
0.8353534337222147
0.8348191030307457
0.8342590023728409
0.8341072870335223
0.8340826876754465
0.8336808776792864
0.833205223539
0.8325015565856368
0.8318336864618024
0.8321599529195325
0.8319090947990946
0.8313037186970645
0.8307096261889633
0.8315151882074692
0.8309221258209089
0.8305697999843342
0.8303748526621803
0.8301885410578506
0.8295634344889151
0.8292086330804973
0.8284288017721096
0.8278509366051293
0.8276990576322918
0.8269289365478739
0.8263724873002956
0.8262067779809164
0.8255247798433526
0.8247530612628132
0.8247239845836185
0.8243111153781907
0.8237520660977117
0.8230212845539865
0.822238681968868
0.8216020800052372
0.8214702693449133
0.8209025193427455
0.8206090667401895
0.820547448526898
0.8273950837306919
0.8269795362459903
0.8269732676205583
0.8264941345391142
0.8264149736918321
0.8258737773021586
0.8251424343030368
0.8245780501474291
0.824265153562352
0.8239535474332829
0.8233184752040278
0.8383623018012915
0.8380891026461007
0.8379638395247986
0.8372503017558334
0.8369788082212243
0.8362351910032639
0.8357783355919676
0.8353779065256375
0.8347740072216847
0.8346697613469332
0.8340833403387897
0.8334775298139784
0.8329408391816057
0.832883095613556
0.8328033074144633
0.8323458468313447
0.8318510844559089
0.8313119937275963
0.8306996160491046
0.8305520880793573
0.8304532005908782
0.8303803650405758
0.8296720896510139
0.8292791777836623
0.8289154563157872
0.8285734228783714
0.8280298095515913
0.8279200271928425
0.8272161301380403
0.8264970567214279
0.8264328359386659
0.825944648042872
0.8254995158822693
0.8249725775368639
0.8244683537025256
0.8244665134634813
0.8243856290808943
0.8239032447088727
0.823228768046558
0.8227468483762246
0.8226812492120973
0.8229966859641009
0.8224299962925412
0.8218391566695918
0.821203717164942
0.820467958693361
0.8198559573504727
0.8191340358967332
0.8191095549061849
0.8185610698446304
0.8184108541077644
0.8181330962835902
0.8189075887381608
0.8188937973584289
0.8188454952655035
0.8185972990729455
0.8179147955808627
0.8177500874270572
0.817343215708666
0.817063354986191
0.8164166223445166
0.8158732697388474
0.8157379860452993
0.8154218514527708
0.8147585007175047
0.8144534441594683
0.8138452124117849
0.8131919501635096
0.812883447437495
0.8127512192990046
0.8123172538386774
0.8118694852809731
0.8187866038766511
0.8181577616631536
0.8179079594928631
0.8174984449985653
0.8174333822639877
0.8174131820247816
0.8168553145669463
0.8238725812917673
0.8278723279136683
0.8387457831726752
0.8384076013562266
0.8378674021225148
0.8371795790790665
0.8364341035183064
0.8362568307692168
0.8358815867054434
0.8352437745523849
0.8350671804895679
0.8347243869603166
0.8341614410889386
0.8336091112727785
0.8329165925479518
0.8404254380175543
0.8401723311123449
0.839800815905227
0.8396468319407623
0.8391759964526884
0.8387246977877607
0.838225218481914
0.8448136456981497
0.8448517985271695
0.844116310061759
0.8438170877547014
0.8432712277918385
0.8427464379551554
0.8422201704537838
0.8421458692646463
0.8416974191085631
0.8426833357047194
0.8422764452638329
0.8417853337355854
0.8413958712555427
0.8412480573369899
0.8412358936694813
0.8441341988519206
0.8440706790173433
0.8435040355614742
0.8429440089096496
0.8423004383429232
0.841649032826848
0.841057353786016
0.8405043216511983
0.840109619299248
0.8395459228147216
0.8393164333063494
0.8389466426146917
0.838858885904434
0.8385574384430202
0.8385196616901422
0.8384450765902963
0.8384026759800041
0.8380857186782854
0.8379649497765935
0.8390546548468415
0.83840383392255
0.8379459452918591
0.8379028846631819
0.8377649566126429
0.8371143016640666
0.8369501282014373
0.8362554321006138
0.8362214771987624
0.836031897974167
0.8358885249973887
0.83517821566072
0.8346608306008632
0.8342708317275561
0.8337116795918275
0.8334281988737375
0.832998660342028
0.8323595559033852
0.8317425189177463
0.831632658013606
0.8314281723206808
0.8328462895343235
0.8325426162400208
0.8318940232044548
0.8315669944119848
0.8315043837063674
0.8308570649115884
0.830732374146981
0.8305121669416179
0.8303212341235845
0.8304018133288519
0.8300110427034637
0.829616201049214
0.8290685106820381
0.8285309697675631
0.8284516904180339
0.8278157589142735
0.8277283920942731
0.8275881094599016
0.8271493725981229
0.8271203820924643
0.826562126413634
0.8261494800611342
0.8261173383769028
0.8258347157075059
0.8257221151789628
0.8256774761935423
0.8254489438881799
0.8253259925794623
0.8247107375731809
0.8241310911444465
0.8236729915965451
0.823634081878918
0.8232784160162511
0.8232000425108714
0.822669377894402
0.8223138591155481
0.8222243176852123
0.82151435983083
0.8216796241378341
0.8210389217645144
0.8208721459936509
0.8206763401141802
0.8203142168251949
0.8200045662947671
0.8194626959537893
0.8188551276067667
0.8209054777122821
0.8206440402700579
0.820240997243873
0.8196305653962395
0.8190061619195331
0.8184599143142421
0.8179662137779881
0.8178698630163911
0.8177886209607959
0.8174711306521314
0.817172475401113
0.8170532590392251
0.8164832414718494
0.8158541743554294
0.8156454374727351
0.8150284725033794
0.8146071857442415
0.8145223011556052
0.814751245512407
0.8143866886299341
0.8138811691154854
0.8132754254720832
0.8126113972664848
0.8122768117989746
0.81189020557543
0.8113704091679856
0.8112374615516438
0.8111106258835064
0.811109516388284
0.8105298754588494
0.8100297090098437
0.8097319193584956
0.8095179898430576
0.8092412172796629
0.8087437666435502
0.8084365499404382
0.8084213362394235
0.8080913589436041
0.8080431638995397
0.8080085323752684
0.8078577983018999
0.8075230183155688
0.8070291751944283
0.8064721586254218
0.8063385551977447
0.8062938138723961
0.8061983057738128
0.8060785283248453
0.805716088241585
0.8053214527964059
0.8049278155326925
0.8044075293865621
0.8040429286502117
0.8035524772945497
0.803241894778211
0.8029543240719972
0.8024609629883103
0.8021964952854158
0.8060638129446895
0.8057230063266442
0.8056542622207702
0.8053718090476412
0.8052359957721175
0.8051268248988022
0.8050244228621983
0.804655126068623
0.8042054195169066
0.8039906244800363
0.8039647884945271
0.8037890020625678
0.8036015587164049
0.8032071131399652
0.8030995400439398
0.8027566748029613
0.802650866560225
0.8023351770072766
0.8019200561529732
0.8013279492452164
0.8011843788507563
0.8006951802837353
0.80007780067306
0.7995234370585036
0.7989370398679345
0.7988892751205723
0.7983933457800552
0.7977670985658292
0.7974284050899467
0.7970123165151012
0.7966960138673551
0.7963072465326994
0.7962011657298043
0.7957647255914896
0.7955460024253823
0.7952276171532853
0.7947906994607435
0.7941852554477012
0.7936861993104299
0.7930964758726922
0.792837577483985
0.7926111662810058
0.7925188524143775
0.7920931651895776
0.7918502620401948
0.791827384977813
0.7915496688040917
0.7911601054125893
0.7911581217875328
0.7907802963843363
0.7906735869526686
0.7905273265351607
0.7899219078293861
0.789281541961166
0.7888228545953787
0.7886941829114359
0.7885607370733906
0.7880006404463734
0.7875929120644699
0.7873247742721157
0.7872131085648991
0.7867334215712767
Time finished: 600001.1976197755
Utilisation = 0.0
Mean queue length = 0.7862650669620956
Mean response time = 0.4437709069515129
Throughput = 1.7717814634658025

Observations = 1063071   Mean = 0.44377   Variance = 46.90017
000000.25000 - 000000.47500   000003892  |********************
000000.47500 - 000000.70000   000001808  |**********
000000.70000 - 000000.92500   000001093  |******
000000.92500 - 000001.15000   000000751  |****
000001.15000 - 000001.37500   000000641  |****
000001.37500 - 000001.60000   000000489  |***
000001.60000 - 000001.82500   000000384  |**
000001.82500 - 000002.05000   000000347  |**
000002.05000 - 000002.27500   000000309  |**
000002.27500 - 000002.50000   000000276  |**
Underflows = 1042028   Overflows = 11053
Average number of Documents waiting in buffer = 0.7862650669620956
Variance = 0.6182127555249088
e = 0.0019895231343227023
Average time taken for document to be transmitted having been placed in buffer = 0.4437709069515129
Variance = 0.19693261785656827
e = 0.0011228942030079591
